0,-36.6168398812,14.5471407611
5,-36.5776219993,14.5079242602
10,-36.5079991068,14.438302464
15,-36.4084769891,14.3387812635
20,-36.279610034,14.2099152294
25,-36.1220651259,14.0523714998
30,-35.9367108905,13.8670190189
35,-35.724729023,13.6550398507
40,-35.4877424635,13.4180573343
45,-35.2279524195,13.1582730761
50,-34.9482727646,12.878601308
55,-34.6524465002,12.582785297
60,-34.3451254145,12.2754769472
65,-34.0318917836,11.9622584414
70,-33.71920116,11.6495849812
75,-33.4142292334,11.3446316216
80,-33.1246142821,11.0550357313
85,-32.8580998335,10.7885397073
90,-32.6220984835,10.552554894
95,-32.4232145922,10.3536844171
100,-32.2667769285,10.1972559828
105,-32.1564383417,10.0869216944
110,-32.0938954689,10.0243778645
115,-32.0787670057,10.0092433306
120,-32.1086466812,10.0391124033
125,-32.1793215701,10.109773091
130,-32.2851233918,10.2155582666
135,-32.4193647215,10.3497817327
140,-32.5748061094,10.5052052054
145,-32.7441037872,10.6744859156
150,-32.9201985865,10.8505654643
155,-33.0966213963,11.0269752567
160,-33.2677054601,11.1980488108
165,-33.4287084364,11.3590438524
170,-33.5758560042,11.506185968
175,-33.7063236139,11.6366504049
180,-33.8181742948,11.7484999242
185,-33.9102691876,11.8405953707
190,-33.9821646854,11.912492842
195,-34.0340066341,11.9643379058
200,-34.066428603,11.9967638809
205,-34.0804582083,12.0107981636
210,-34.0774330548,12.0077781678
215,-34.0589261276,11.9892767124
220,-34.0266793823,11.9570356058
225,-33.9825437844,11.9129056798
230,-33.9284240294,11.858791505
235,-33.8662265258,11.7965993715
240,-33.7978098341,11.7281877268
245,-33.7249374922,11.6553200031
250,-33.6492339173,11.5796205224
255,-33.5721447281,11.5025348235
260,-33.4949032906,11.4252962129
265,-33.4185054652,11.3489005173
270,-33.3436944005,11.2740908807
275,-33.2709567612,11.2013539944
280,-33.2005310649,11.1309284337
285,-33.1324279138,11.0628248859
290,-33.0664609727,10.9968571237
295,-33.0022867027,10.9326817314
300,-32.9394502253,10.8698439616
305,-32.8774343503,10.8078267551
310,-32.8157087779,10.7460999358
315,-32.7537767485,10.6841668548
320,-32.6912168822,10.6216062252
325,-32.627718511,10.558107452
330,-32.5631093592,10.4934983109
335,-32.4973748783,10.4277642816
340,-32.4306688511,10.3610591523
345,-32.3633150589,10.2937066864
350,-32.2957998917,10.2261932322
355,-32.228755867,10.1591512423
360,-32.1629361867,10.0933338312
365,-32.0991807867,10.0295808274
370,-32.0383748541,9.96877729517
375,-31.9814014903,9.91180620337
380,-31.9290910068,9.85949773054
385,-31.8821701185,9.8125784681
390,-31.8412148735,9.77162436092
395,-31.8066113537,9.73702141803
400,-31.7785278667,9.70893791227
405,-31.7569014814,9.68731091983
410,-31.7414404061,9.67184869791
415,-31.7316420547,9.66204874611
420,-31.7268249543,9.65722970462
425,-31.7261711962,9.65657379418
430,-31.7287751671,9.6591755346
435,-31.7336939415,9.66409212507
440,-31.7399949856,9.67039113937
445,-31.7467976119,9.67719197343
450,-31.7533057323,9.68369859568
455,-31.7588306883,9.68922237714
460,-31.7628040834,9.6931949264
465,-31.7647814748,9.69517178552
470,-31.764438422,9.69482848417
475,-31.7615607342,9.69195079139
480,-31.7560308319,9.68642108321
485,-31.7478120224,9.67820262104
490,-31.7369322249,9.6673232812
495,-31.7234683675,9.65385995329
500,-31.7075323318,9.63792448672
505,-31.6892590085,9.61965174682
510,-31.6687967484,9.59919006587
515,-31.6463002708,9.57669415113
520,-31.6219259211,9.55232034212
525,-31.5958290508,9.52622398922
530,-31.568163213,9.49855864851
535,-31.5390808262,9.46947674445
540,-31.5087349406,9.43913133511
545,-31.4772817432,9.40767861659
550,-31.4448834537,9.3752808179
555,-31.4117112853,9.34210916076
560,-31.3779481729,9.3083465872
565,-31.3437910045,9.27418999067
570,-31.3094521285,9.23985172223
575,-31.2751599469,9.20556018384
580,-31.2411584531,9.17155936593
585,-31.2077056224,9.13810723725
590,-31.1750706187,9.10547295212
595,-31.1435298457,9.07393290201
600,-31.1133619358,9.04376570418
605,-31.0848418328,9.01524628572
610,-31.0582341914,8.98863928318
615,-31.0337863643,8.96419203081
620,-31.0117212905,8.94212744972
625,-30.9922306182,8.92263717175
630,-30.9754683974,8.90587523245
635,-30.9615456548,8.89195264755
640,-30.9505261278,8.88093314649
645,-30.9424233711,8.8728302804
650,-30.9371993884,8.8676060534
655,-30.9347648624,8.86517115288
660,-30.9349809868,8.865386781
665,-30.9376628341,8.86806802265
670,-30.9425841384,8.87298862737
675,-30.949483324,8.87988703774
680,-30.958070582,8.88847346514
685,-30.968035776,8.89843779511
690,-30.9790569532,8.90945809763
695,-30.9908092373,8.92120951997
700,-31.0029738915,8.93337334843
705,-31.0152473479,8.94564603786
710,-31.0273500171,8.95774802068
715,-31.0390347,8.96943211808
720,-31.0500944312,8.98049138328
725,-31.0603695873,8.99076620916
730,-31.0697540891,9.00015053008
735,-31.0782005221,9.0085969421
740,-31.0857239939,9.01612055958
745,-31.0924045418,9.02280142247
750,-31.0983879093,9.02878527242
755,-31.1038845245,9.03428253052
760,-31.1091665426,9.03956533982
765,-31.1145628637,9.04496258312
770,-31.1204521031,9.0508528528
775,-31.1272535716,9.05765543236
780,-31.135416425,9.06581944582
785,-31.1454072409,9.07581143578
790,-31.1576963889,9.08810173491
795,-31.1727436555,9.10315009213
800,-31.1909836636,9.12139109344
805,-31.2128116785,9.14321997012
810,-31.2385704145,9.1689794063
815,-31.2685384338,9.19894793945
820,-31.3029206725,9.23333048767
825,-31.3418415297,9.2722514395
830,-31.3853408238,9.31575061045
835,-31.433372764,9.36378221477
840,-31.4858079196,9.41621683388
845,-31.5424380027,9.47284619853
850,-31.602983135,9.53339045403
855,-31.6671011486,9.59750746006
860,-31.7343983938,9.66480359659
865,-31.8044414872,9.73484551071
870,-31.8767694418,9.80717224531
875,-31.9509056635,9.88130723459
880,-32.0263693747,9.95676972648
885,-32.1026861194,10.0330852872
890,-32.1793971114,10.1097951496
895,-32.2560672931,10.1864642713
900,-32.3322920693,10.262688069
905,-32.4077027629,10.3380978742
910,-32.4819709033,10.4123652227
915,-32.5548115003,10.4852051283
920,-32.6259854747,10.5563785145
925,-32.6953014225,10.6256939783
930,-32.7626168717,10.6930090485
935,-32.827839176,10.7582310788
940,-32.8909261613,10.8213178952
945,-32.9518866296,10.8822783001
950,-33.01078082,10.9411725332
955,-33.0677209418,10.9981128056
960,-33.1228719305,11.0532640561
965,-33.1764526226,11.1068451267
970,-33.2287375913,11.1591305996
975,-33.2800599029,11.2104535529
980,-33.3308150055,11.2612094517
985,-33.3814658185,11.3118612352
990,-33.4325487906,11.3629453741
995,-33.4846802441,11.4150782108
1000,-33.5385617069,11.4689612868
1005,-33.594982244,11.5253836658
1010,-33.6548151593,11.5852186284
1015,-33.7190060637,11.6494117307
1020,-33.7885494324,11.7189573563
1025,-33.8644516342,11.7948617443
1030,-33.9476801161,11.8780921779
1035,-34.0391008639,11.9695144596
1040,-34.1394090837,12.0698236115
1045,-34.2490606244,12.1794753232
1050,-34.3682132621,12.2986272611
1055,-34.4966869416,12.4270993292
1060,-34.633950113,12.5643600155
1065,-34.7791356332,12.7095422902
1070,-34.9310850288,12.8614878526
1075,-35.088415287,13.0188138957
1080,-35.249598783,13.1799930041
1085,-35.4130451817,13.3434350247
1090,-35.5771743749,13.5075599798
1095,-35.7404714558,13.6708530255
1100,-35.901517775,13.8318955012
1105,-36.0589955933,13.9893695844
1110,-36.2116671987,14.1420374178
1115,-36.3583323067,14.2886985265
1120,-36.4977701178,14.428131899
1125,-36.6286747729,14.5590314717
1130,-36.7495954508,14.6799462652
1135,-36.8588952858,14.7892393499
1140,-36.9547467234,14.8850832608
1145,-37.0351845009,14.9655130461
1150,-37.0982399102,15.0285605983
1155,-37.1421788984,15.0724928028
1160,-37.165857755,15.0961672176
1165,-37.1691882145,15.0994970606
1170,-37.1536638052,15.0839772834
1175,-37.1228411206,15.0531653792
1180,-37.0826050375,15.0129460065
1185,-37.0410054961,14.9713672272
1190,-37.007480811,14.9378636331
1195,-36.9914191195,14.9218182814
1200,-37.0002515685,14.9306571214
1205,-37.0375357146,14.9679340628
1210,-37.1016299446,15.0320067953
1215,-37.1854574002,15.1158011634
1220,-37.2775184035,15.2078228737
1225,-37.3638948472,15.2941603916
1230,-37.4307096124,15.3609428006
1235,-37.4664709429,15.3966831112
1240,-37.4638966352,15.3941020044
1245,-37.4210310893,15.351244832
1250,-37.341615701,15.2718520454
1255,-37.2347177179,15.1649880362
1260,-37.1136200604,15.0439310154
1265,-36.9940140045,14.9243661221
1270,-36.8916738607,14.8220611132
1275,-36.8199991321,14.7504100098
1280,-36.7879690637,14.7183890936
1285,-36.7990307883,14.7294457985
1290,-36.8511869916,14.7815860337
1295,-36.9381622169,14.8685392359
1300,-37.0512014707,14.981555423
1305,-37.1809411986,15.1112749516
1310,-37.3189040537,15.2492227287
1315,-37.4584002411,15.3887096128
1320,-37.594840579,15.5251458978
1325,-37.7256039261,15.655909265
1330,-37.8496459186,15.7799539762
1335,-37.9670167206,15.8973289426
1340,-38.0784069489,16.0087238113
1345,-38.1847858245,16.1151071445
1350,-38.2871454804,16.2174706476
1355,-38.3863267452,16.316654816
1360,-38.4828803452,16.4132100018
1365,-38.5769177593,16.5072471946
1370,-38.6679277013,16.5982545321
1375,-38.7545697829,16.6848910912
1380,-38.8344921228,16.7648046834
1385,-38.9042390703,16.8345397484
1390,-38.9593094929,16.8895957333
1395,-38.9943973613,16.9246676601
1400,-39.0038074938,16.9340617652
1405,-38.9820071146,16.9122469172
1410,-38.9242601413,16.8544887841
1415,-38.8272966459,16.7575192209
1420,-38.6899841679,16.6202075308
1425,-38.5139731823,16.4442058288
1430,-38.3042690648,16.234520754
1435,-38.0696294922,15.9999103937
1440,-37.8226110985,15.7529302835
1445,-37.5790332246,15.5093965486
1450,-37.3566569868,15.2870648333
1455,-37.1730567895,15.1035025706
1460,-37.0429834334,14.973453824
1465,-36.9758571034,14.9063344453
1470,-36.9741688405,14.9046351247
1475,-37.0333498482,14.9637907987
1480,-37.1431441871,15.0735518861
1485,-37.2899679668,15.2203412544
1490,-37.4594591557,15.3898021284
1495,-37.638523228,15.568842846
1500,-37.8165284139,15.7468322423
1505,-37.9856708184,15.9159655027
1510,-38.1407542867,16.0710448703
1515,-38.2786825446,16.2089724284
1520,-38.3978994138,16.3281906646
1525,-38.4979128292,16.4282065976
1530,-38.5789521179,16.5092490253
1535,-38.6417556091,16.572056055
1540,-38.6874649604,16.6177693553
1545,-38.7176015742,16.6479105184
1550,-38.7341056146,16.6644200279
1555,-38.7394186459,16.6697398235
1560,-38.7365809889,16.6669105272
1565,-38.729295525,16.6596350573
1570,-38.7218899194,16.6522406451
1575,-38.7191050533,16.649467128
1580,-38.7256656606,16.6560376342
1585,-38.7456564136,16.676034971
1590,-38.781818078,16.712198308
1595,-38.8349556048,16.7653318521
1600,-38.9036669534,16.8340340675
1605,-38.9845326374,16.9148872361
1610,-39.07276929,17.0031106246
1615,-39.1632027556,17.0935329123
1620,-39.2513208554,17.1816442729
1625,-39.3341566843,17.2644791796
1630,-39.4108199031,17.3411474935
1635,-39.4825970666,17.412934862
1640,-39.5526419656,17.4829933233
1645,-39.6253493461,17.5557153893
1650,-39.7055448883,17.6359244154
1655,-39.7976358801,17.7280256352
1660,-39.9048569694,17.8352521995
1665,-40.0287180197,17.959113206
1670,-40.1687200502,18.0991096819
1675,-40.3223562851,18.2527355436
1680,-40.4853672575,18.4157325099
1685,-40.6521816141,18.5825306656
1690,-40.8164550609,18.7467871696
1695,-40.971620742,18.901936447
1700,-41.1113814354,19.0416822691
1705,-41.2300998086,19.1603879681
1710,-41.3230697462,19.2533477841
1715,-41.386673902,19.3169444774
1720,-41.4184480735,19.3487137883
1725,-41.4170826148,19.3473459518
1730,-41.3823969173,19.3126602887
1735,-41.3153259257,19.2455918296
1740,-41.217955559,19.1482268123
1745,-41.093630867,19.0239108315
1750,-40.9471291127,18.8774217646
1755,-40.7848361029,18.7151457545
1760,-40.6147973985,18.5451279169
1765,-40.446466406,18.3768199477
1770,-40.2899858609,18.2203614355
1775,-40.1549584911,18.0853509591
1780,-40.0488800799,17.9792802502
1785,-39.9756397142,17.9060358657
1790,-39.9345990005,17.864979503
1795,-39.9206394951,17.8509956113
1800,-39.9252402087,17.8555680362
1805,-39.9382779805,17.8685789386
1810,-39.950026961,17.8803069131
1815,-39.95285886,17.8831264744
1820,-39.9423516484,17.8726166797
1825,-39.9177562892,17.8480281973
1830,-39.8819250945,17.8122120405
1835,-39.84082895,17.7711369458
1840,-39.8027218386,17.7330538021
1845,-39.7769339153,17.7072886129
1850,-39.7722759212,17.7026471366
1855,-39.795161936,17.7255384636
1860,-39.8477659339,17.778132905
1865,-39.9266981277,17.8570396766
1870,-40.0226794031,17.9529820219
1875,-40.1214560976,18.0517116581
1880,-40.2058334747,18.1360410812
1885,-40.2584048249,18.1885712432
1890,-40.2644508598,18.1945897955
1895,-40.2145651113,18.1446957193
1900,-40.1066867837,18.0368314939
1905,-39.9472541785,17.87743555
1910,-39.7511099431,17.6813462975
1915,-39.5397381016,17.4700384303
1920,-39.3376317104,17.2679915618
1925,-39.1672219345,17.097622723
1930,-39.0436566696,16.9740700091
1935,-38.9712457694,16.9016419392
1940,-38.9430418087,16.8733989648
1945,-38.9438153645,16.8741256566
1950,-38.9553159697,16.8855866622
1955,-38.962000604,16.8922508577
1960,-38.9555975067,16.8858527649
1965,-38.9375459256,16.8678315766
1970,-38.9189819472,16.8493171979
1975,-38.9183451828,16.8487379429
1980,-38.9570346363,16.887478707
1985,-39.0540336998,16.9845097535
1990,-39.2209364036,17.1514172058
1995,-39.4589250551,17.3893833226
2000,-39.7586499056,17.6890656318
2005,-40.1028286388,18.0331930293
2010,-40.4703636386,18.400678799
2015,-40.8404461767,18.7707217986
2020,-41.1955286086,19.1257777638
2025,-41.522784539,19.4530202347
2030,-41.8142816798,19.7445148402
2035,-42.0663581042,19.9965968516
2040,-42.2786724464,20.2089222166
2045,-42.4532448292,20.3835088601
2050,-42.5936419491,20.523921829
2055,-42.7043437762,20.6346398963
2060,-42.7902679038,20.7205797671
2065,-42.8564065324,20.7867329354
2070,-42.9075335131,20.8378726411
2075,-42.9479522686,20.8783017538
2080,-42.9812721385,20.9116291266
2085,-43.0102163776,20.9405776355
2090,-43.0364770431,20.9668391284
2095,-43.0606387105,20.9909982049
2100,-43.0821935729,21.0125473653
2105,-43.0996649739,21.0300105637
2110,-43.1108452416,21.0411810187
2115,-43.1131370701,21.0434625106
2120,-43.1039652918,21.0342809911
2125,-43.0811973396,21.0115047907
2130,-43.0434779029,20.9737789308
2135,-42.9903541476,20.920649966
2140,-42.9220596499,20.8523496285
2145,-42.8388631474,20.7691435742
2150,-42.739995387,20.6702587153
2155,-42.6223455424,20.5525807256
2160,-42.4793310078,20.4095254272
2165,-42.3005169569,20.2306601265
2170,-42.0726123591,20.0027011077
2175,-41.7823386062,19.7123828599
2180,-41.4213155613,19.3513430733
2185,-40.9924675185,18.9225247681
2190,-40.5164215811,18.4465670459
2195,-40.0350572002,17.9653441601
2200,-39.6085365501,17.5389881257
2205,-39.3033763785,17.2339649483
2210,-39.173542235,17.1041902513
2215,-39.242324738,17.1729335044
2220,-39.4947261685,17.4252173429
2225,-39.8847205038,17.8150638205
2230,-40.3526736607,18.2828867603
2235,-40.8432163796,18.7733442749
2240,-41.3161640789,19.2462553569
2245,-41.7489035987,19.6789950883
2250,-42.1329468702,20.063058993
2255,-42.4683994552,20.398538871
2260,-42.7590572226,20.6892223685
2265,-43.0093143789,20.9395007347
2270,-43.2229029877,21.1531065526
2275,-43.402891614,21.3331103535
2280,-43.5522434347,21.4824771772
2285,-43.6743784694,21.6046279455
2290,-43.7734215727,21.703687196
2295,-43.854031484,21.7843122652
2300,-43.9208522403,21.8511450492
2305,-43.9777114359,21.9080107159
2310,-44.0267311402,21.9570291103
2315,-44.0675317452,21.9978190685
2320,-44.0967017919,22.0269686436
2325,-44.1076816589,22.0379191077
2330,-44.0911766914,22.0213783401
2335,-44.0361922563,21.9663561494
2340,-43.9317763265,21.8619071256
2345,-43.7695384897,21.6996496956
2350,-43.5469091441,21.4770245649
2355,-43.2707880589,21.2009408536
2360,-42.9606269107,20.8908539915
2365,-42.6492448944,20.5795755029
2370,-42.3793744284,20.3098154083
2375,-42.1949687646,20.1254940953
2380,-42.1290202406,20.0595738349
2385,-42.192685077,20.1231991069
2390,-42.3711435644,20.3015631621
2395,-42.6283923714,20.5586923637
2400,-42.9182095322,20.8483955556
2405,-43.1958046905,21.1259023863
2410,-43.4258015266,21.3558430769
2415,-43.585366376,21.5153813597
2420,-43.6638319133,21.5938443813
2425,-43.6609775556,21.591007768
2430,-43.5856626643,21.5157307451
2435,-43.4555347205,21.3856632885
2440,-43.2974485818,21.2276614382
2445,-43.1471867204,21.0775016439
2450,-43.0464506581,20.9768676582
2455,-43.0356973235,20.9661888552
2460,-43.1437456821,21.0742579042
2465,-43.3781679183,21.3086368133
2470,-43.7216467982,21.6520217426
2475,-44.1368457437,22.0671064812
2480,-44.5775016608,22.5076598816
2485,-45.0003594757,22.9304476195
2490,-45.3733291418,23.3033855796
2495,-45.6783481845,23.6084062208
2500,-45.9101056972,23.8401886108
2505,-46.0727121888,24.0028328319
2510,-46.1759918155,24.1061543867
2515,-46.2322677166,24.1624700318
2520,-46.253903505,24.1841390756
2525,-46.2515866232,24.1818464521
2530,-46.2332789967,24.1635531537
2535,-46.2037648433,24.1340437871
2540,-46.1647043215,24.0949798156
2545,-46.115045897,24.0453113886
2550,-46.0516042763,23.9818547789
2555,-45.9696253016,23.8998570428
2560,-45.8632518409,23.7934620788
2565,-45.7259456378,23.6561330102
2570,-45.5510456515,23.4812111873
2575,-45.3326856606,23.262834233
2580,-45.0672101918,22.9973518375
2585,-44.7550193351,22.6851696438
2590,-44.4024887898,22.3326675952
2595,-44.0233438112,21.95357179
2600,-43.6387412,21.5690347456
2605,-43.2754682537,21.2058339996
2610,-42.9621785951,20.8926097458
2615,-42.724357543,20.6548340303
2620,-42.5794112843,20.5099043232
2625,-42.5334561407,20.4639355987
2630,-42.5808112865,20.5112528129
2635,-42.7061204361,20.6365096446
2640,-42.8880646329,20.8183974681
2645,-43.1032979299,21.0335782804
2650,-43.3295833299,21.2598197637
2655,-43.5477585799,21.4779616843
2660,-43.7426987825,21.6728796696
2665,-43.9036678984,21.8338376879
2670,-44.024408021,21.954577802
2675,-44.1031506718,22.0333314798
2680,-44.1425713918,22.0727739121
2685,-44.1496034364,22.0798373285
2690,-44.1349850039,22.0652578857
2695,-44.1124274438,22.0427437049
2700,-44.0973519514,22.0277116749
2705,-44.105243083,22.0356414262
2710,-44.1497919824,22.0802193383
2715,-44.241114438,22.1715575291
2720,-44.3843804592,22.3148242391
2725,-44.5791448838,22.5095748335
2730,-44.8195206681,22.7499249123
2735,-45.0951323485,23.0255030713
2740,-45.3926005795,23.3229344569
2745,-45.6972067127,23.6275044007
2750,-45.9943964519,23.9246614225
2755,-46.2708824265,24.2011195466
2760,-46.5152454723,24.4454596786
2765,-46.7180615258,24.6482568202
2770,-46.8716652333,24.8018440963
2775,-46.9696994672,24.8998626965
2780,-47.0066069188,24.9367538811
2785,-46.9772157711,24.907345063
2790,-46.8765698943,24.8066804312
2795,-46.7001552799,24.6302477954
2800,-46.4446601951,24.3747389967
2805,-46.1093379865,24.0394125168
2810,-45.697867463,23.6279528203
2815,-45.2202966673,23.1504119767
2820,-44.6942746724,22.6244385737
2825,-44.1445589606,22.0747829792
2830,-43.6001161087,21.5303989858
2835,-43.0892523422,21.0195797439
2840,-42.6347274555,20.5650794414
2845,-42.2515481168,20.1819111907
2850,-41.9489628724,19.8793384176
2855,-41.7353459078,19.6657476081
2860,-41.6221588185,19.5525991291
2865,-41.6232639591,19.5537385181
2870,-41.7489539265,19.67943563
2875,-41.9980747365,19.928522721
2880,-42.3533869238,20.2837645272
2885,-42.7832776062,20.7135672161
2890,-43.2487988912,21.1790055383
2895,-43.7121466436,21.6422912549
2900,-44.1428855667,22.072994429
2905,-44.5204252628,22.450521615
2910,-44.8333571698,22.7634571649
2915,-45.0771508661,23.0072631964
2920,-45.2515435978,23.1816710748
2925,-45.3583856772,23.2885273559
2930,-45.400196521,23.3303496084
2935,-45.3793953891,23.3095566974
2940,-45.2980643706,23.2282313401
2945,-45.1580960336,23.0882674306
2950,-44.9616072064,22.8917835793
2955,-44.7115251936,22.6417091052
2960,-44.4122579214,22.34245392
2965,-44.0703455355,22.0005598011
2970,-43.6949700692,21.6252097047
2975,-43.298192091,21.2284641203
2980,-42.8948084027,20.8251186472
2985,-42.5017883614,20.4321404215
2990,-42.1373280402,20.0677225449
2995,-41.8196211691,19.7500553058
3000,-41.5654546851,19.495921921
3005,-41.3887131581,19.319203155
3010,-41.2988842631,19.2293832354
3015,-41.2997450613,19.2302369648
3020,-41.3885357093,19.3190044168
3025,-41.5559678251,19.486399887
3030,-41.7872643873,19.7176515018
3035,-42.0641169243,19.9944572443
3040,-42.3671368863,20.2974347844
3045,-42.6782418082,20.6085063655
3050,-42.9825045712,20.9127474415
3055,-43.269222942,21.1994562518
3060,-43.5322040052,21.4624386986
3065,-43.7694130529,21.6996578085
3070,-43.9821918212,21.9124524902
3075,-44.1742400677,22.1045195272
3080,-44.3505208305,22.2808191689
3085,-44.5162196281,22.4465346023
3090,-44.6758649198,22.6061926235
3095,-44.8326918262,22.7630274719
3100,-44.9882946977,22.9186333906
3105,-45.1425677727,23.0729051515
3110,-45.2938876293,23.2242202912
3115,-45.4394596711,23.3697853574
3120,-45.5757412388,23.5060588147
3125,-45.6988649155,23.6291742122
3130,-45.8050092705,23.7353108629
3135,-45.8906909491,23.82098593
3140,-45.9529743095,23.8832640986
3145,-45.9896091938,23.919895396
3150,-45.9991135718,23.9293978818
3155,-45.9808171673,23.9111013048
3160,-45.9348768693,23.8651625222
3165,-45.8622669698,23.7925557228
3170,-45.7647393276,23.6950325592
3175,-45.6447427495,23.5750414921
3180,-45.5052894474,23.4355942228
3185,-45.3497611156,23.2800717772
3190,-45.1816586739,23.1119743033
3195,-45.0043172326,22.9346361501
3200,-44.8206290294,22.7509489794
3205,-44.6328384785,22.5631570408
3210,-44.4424905756,22.3728058274
3215,-44.2506202846,22.1809316833
3220,-44.0582554012,21.9885647534
3225,-43.8672518617,21.7975640839
3230,-43.681369598,21.6116927895
3235,-43.5073244938,21.4376687574
3240,-43.3553585071,21.2857331759
3245,-43.2387685456,21.1691781784
3250,-43.1719901346,21.102430686
3255,-43.1673481395,21.0978054331
3260,-43.2313332119,21.1617853524
3265,-43.3618132447,21.2922366844
3270,-43.5474646585,21.4778414083
3275,-43.7698220108,21.7001447137
3280,-44.0071954681,21.9374683936
3285,-44.2390117874,22.169248116
3290,-44.4492361507,22.3794534729
3295,-44.6281890951,22.5584051232
3300,-44.7727835665,22.7030131777
3305,-44.8856280203,22.8158817944
3310,-44.9735278443,22.9038117298
3315,-45.0458057181,22.9761213669
3320,-45.112703877,23.0430493196
3325,-45.1840118095,23.1143823029
3330,-45.2679969839,23.1983859555
3335,-45.3706827552,23.3010827804
3340,-45.4954903488,23.4258940723
3345,-45.6432267064,23.5736275984
3350,-45.8123589726,23.7427518254
3355,-45.9994817305,23.9298628551
3360,-46.1998674832,24.1302346332
3365,-46.4079997016,24.3383518048
3370,-46.618016698,24.5483535045
3375,-46.8240326992,24.7543544414
3380,-47.020337713,24.9506448423
3385,-47.2015015623,25.1317945851
3390,-47.3624167858,25.2926961881
3395,-47.4983119868,25.4285782156
3400,-47.6047567302,25.5350101975
3405,-47.6776671882,25.6079082737
3410,-47.7133133769,25.6435424246
3415,-47.7083270207,25.6385443455
3420,-47.6597144898,25.5899204258
3425,-47.5648904128,25.4950854443
3430,-47.4217612547,25.3519462662
3435,-47.2288998074,25.1590764673
3440,-46.9858556964,24.9160269566
3445,-46.6936376031,24.6238082388
3450,-46.3553736209,24.2855506668
3455,-45.9771011764,23.9072940318
3460,-45.5685541348,23.4987740366
3465,-45.143708189,23.0739667533
3470,-44.7207444832,22.6510511866
3475,-44.3210600297,22.2514189495
3480,-43.9670876796,21.8974944917
3485,-43.6790594749,21.6095002452
3490,-43.4713926167,21.4018457071
3495,-43.3498264866,21.2802675933
3500,-43.3104230325,21.2408315641
3505,-43.3409026865,21.2712667098
3510,-43.4238142227,21.3541319361
3515,-43.5403146429,21.4705922763
3520,-43.6732766111,21.6035243377
3525,-43.8089755794,21.7392034699
3530,-43.9373200244,21.8675354019
3535,-44.0510848442,21.9812913748
3540,-44.1447537362,22.074951872
3545,-44.2134615237,22.143649682
3550,-44.2523187992,22.1824947856
3555,-44.2562250867,22.1863875113
3560,-44.2201806303,22.150330255
3565,-44.1400748709,22.0702158706
3570,-44.0139127308,21.9440537361
3575,-43.843382523,21.7735370754
3580,-43.6355297252,21.5657155108
3585,-43.4040744073,21.334310545
3590,-43.1696667602,21.0999688219
3595,-42.958293665,20.8886672363
3600,-42.7973799302,20.7278151153
3605,-42.7100030418,20.6404732124
3610,-42.7087887341,20.6392556051
3615,-42.7917406407,20.7221643798
3620,-42.941768522,20.872118354
3625,-43.1300889023,21.0603493931
3630,-43.3219896986,21.2521609184
3635,-43.4827900066,21.4128834751
3640,-43.5824437451,21.5124777594
3645,-43.5984747556,21.5284719332
3650,-43.5179340999,21.4479219126
3655,-43.3393597212,21.2693726257
3660,-43.0752246424,21.0053046055
3665,-42.7542259363,20.6844172906
3670,-42.4213813669,20.351717514
3675,-42.1331734297,20.0636584924
3680,-41.9462516403,19.8768478
3685,-41.9019981716,19.832631407
3690,-42.0134964192,19.9440828423
3695,-42.2619814943,20.192459835
3700,-42.6048563042,20.5352065294
3705,-42.9905418326,20.9207818203
3710,-43.3725391535,21.302707329
3715,-43.7175851784,21.6477223279
3720,-44.0072951107,21.9374332708
3725,-44.2355799689,22.165739068
3730,-44.4045590319,22.3347483398
3735,-44.5207620754,22.450983385
3740,-44.5923457483,22.5225964518
3745,-44.6273666184,22.5576419951
3750,-44.6328742571,22.5631689385
3755,-44.614549931,22.5448587512
3760,-44.5766757144,22.5069941738
3765,-44.5222938966,22.4526184094
3770,-44.4534746085,22.3838026278
3775,-44.3716431317,22.3019731861
3780,-44.2779301036,22.2082617319
3785,-44.173504107,22.1038376581
3790,-44.0598352299,21.9901715029
3795,-43.9388306358,21.8691703762
3800,-43.8127912608,21.7431346058
3805,-43.68417309,21.6145191345
3810,-43.5551993912,21.4855460982
3815,-43.4274483091,21.3577929429
3820,-43.3016016855,21.2319417911
3825,-43.1775449524,21.1078796565
3830,-43.0549245003,20.9852556676
3835,-42.9341011992,20.8644338641
3840,-42.8172334752,20.747575081
3845,-42.7090625031,20.6394208564
3850,-42.6169481478,20.5473285616
3855,-42.5498822998,20.48028495
3860,-42.5165750603,20.4469937847
3865,-42.5231419386,20.4535652839
3870,-42.5711954369,20.5016097556
3875,-42.6570664883,20.5874598403
3880,-42.772440783,20.7028060046
3885,-42.9061184879,20.8364543145
3890,-43.0462093869,20.9765195588
3895,-43.1820380913,21.1123292129
3900,-43.3052970109,21.2355761878
3905,-43.4103453535,21.3406183617
3910,-43.4938285642,21.4240988604
3915,-43.5539142379,21.4841827661
3920,-43.5894344802,21.5197000631
3925,-43.5991537967,21.5294138778
3930,-43.5812980064,21.5115495566
3935,-43.5334100863,21.4636505481
3940,-43.4525499549,21.3827781493
3945,-43.3358236735,21.2660406211
3950,-43.1812062813,21.1114158945
3955,-42.9886023616,20.9188119337
3960,-42.7610577884,20.6912781379
3965,-42.5059815109,20.4362265381
3970,-42.2361482621,20.1664335926
3975,-41.9701404985,19.900480924
3980,-41.7317981733,19.6622039135
3985,-41.5482750462,19.478747505
3990,-41.4465653103,19.3770938007
3995,-41.4489018616,19.3794631536
4000,-41.5680788141,19.4986407044
4005,-41.8041496781,19.7346780297
4010,-42.1437334296,20.0742002379
4015,-42.5622871483,20.4926765103
4020,-43.0285989812,20.9589089424
4025,-43.510028939,21.4402692643
4030,-43.9770182021,21.9072057564
4035,-44.4059646709,22.3361185014
4040,-44.7803039187,22.7104415064
4045,-45.0901754839,23.0203106821
4050,-45.3312654065,23.2614078679
4055,-45.5033664984,23.4335220832
4060,-45.6090271374,23.5391987941
4065,-45.6524795153,23.5826682737
4070,-45.6389042272,23.569110098
4075,-45.5740095829,23.5042322801
4080,-45.4638679771,23.3941074394
4085,-45.3149389885,23.2451956924
4090,-45.1342034103,23.0644784573
4095,-44.9293249055,22.8596198556
4100,-44.7087462375,22.6390626768
4105,-44.4816243157,22.4119632046
4110,-44.2575280393,22.1878889893
4115,-44.0458774427,21.976258157
4120,-43.855187926,21.7855840541
4125,-43.6922705148,21.6226760472
4130,-43.5615824013,21.4919905074
4135,-43.4648866284,21.3952906305
4140,-43.4012727968,21.3316669269
4145,-43.3674674993,21.2978472418
4150,-43.3582950535,21.2886571486
4155,-43.3671727456,21.2975151214
4160,-43.3866149037,21.3169368007
4165,-43.408807886,21.3391102488
4170,-43.4263394458,21.3566254091
4175,-43.4331011784,21.3633763162
4180,-43.4252620131,21.3555340157
4185,-43.4020912837,21.3323688832
4190,-43.3663494733,21.2966407069
4195,-43.3240057792,21.2543160024
4200,-43.2832010651,21.2135313882
4205,-43.2526254259,21.1829722733
4210,-43.239732163,21.1700883014
4215,-43.2493301746,21.1796869013
4220,-43.2829810176,21.2133305872
4225,-43.33929551,21.2696327303
4230,-43.4148422639,21.3451646495
4235,-43.5051585398,21.4354651962
4240,-43.605407746,21.5356977968
4245,-43.7105102226,21.640781779
4250,-43.814927048,21.7451774546
4255,-43.9125383605,21.8427659282
4260,-43.9971296422,21.9273364715
4265,-44.063848938,21.99404384
4270,-44.1116285357,22.0418285204
4275,-44.1460081074,22.0762366396
4280,-44.1811674907,22.1114482363
4285,-44.2395754644,22.169922199
4290,-44.3479829481,22.2783895019
4295,-44.5299196634,22.460356133
4300,-44.7970252502,22.7274449908
4305,-45.1430370395,23.0733925474
4310,-45.5435297811,23.4737892012
4315,-45.9616284267,23.8917841493
4320,-46.3569466432,24.2870134915
4325,-46.6940619506,24.6240688806
4330,-46.9482252627,24.8782190356
4335,-47.1073208027,25.0373215226
4340,-47.171982874,25.1020185801
4345,-47.1538365573,25.083928335
4350,-47.0728197592,25.0029795393
4355,-46.9536150612,24.8838434042
4360,-46.8212679749,24.7515532117
4365,-46.6965504053,24.6268708257
