1.212303300941281470e-01 1.605369691616540750e+00
-4.239427325160394222e-01 -1.965792909780635034e+00
9.952112842164568818e-01 2.496816382048045124e+00
6.993393136531975696e-01 -1.260437819972367313e-01
-6.127923195976366921e-01 -1.837122221624972962e+00
1.282911763591292109e+00 7.174531494152778244e-01
1.568877819106545835e-01 5.703826241733410685e-01
-8.364282663117960093e-01 -2.370354818327403024e+00
3.314537512200877445e-01 2.087805809669539325e+00
-3.387607318795006761e-01 -1.515136858207661863e+00
5.474702172814543966e-01 2.160430144569782662e-01
-8.480611395988756351e-01 8.373296909965161072e-01
1.230439391184176223e+00 1.121950464531477065e+00
1.836050147802119392e+00 -1.445361451482154891e+00
-1.976510416256441305e+00 1.135211053010163784e+00
-1.131109433249416929e+00 1.866911507020613259e+00
4.006104256412895692e-01 7.957427592989011478e-01
-9.075541462603077258e-01 3.114163470930299549e-01
-5.713352040189292186e-02 -1.444366469656700014e+00
1.196721770126352613e+00 3.312677040088000679e-01
-6.703847544476200515e-02 -2.129960796333118189e+00
-6.035483463301708484e-01 -5.994044438533389085e-01
-1.168649837091239041e+00 2.826577859498110579e-01
2.342659062240148582e-01 2.759626810369494532e+00
5.618900248767138006e-01 -1.527653311166696115e+00
2.242098212800062995e-02 2.815201821988965181e-01
1.153589510748231212e-01 -2.396909032547895446e+00
-6.556233073601204220e-01 -3.240342340492223805e-01
1.515895895066402099e+00 2.571956367035709956e+00
-2.386623915453539857e-01 -3.420862333347684192e+00
7.049920576458423849e-01 2.145747520442824019e+00
-1.026618216902896119e+00 -7.855183308911118933e-01
-1.086813011752331359e+00 -4.615549785169316688e-01
-2.188325252237576901e+00 1.216590194104955502e+00
-2.104586449839754847e-01 -4.964807530749634767e-01
-2.355843582551839580e-02 -6.454739355513173793e-01
-7.732402269494853542e-01 -5.606799677127696224e-01
-1.204686369103047827e+00 -2.341396065264385040e+00
-2.328505720983341798e-01 -6.998225241833895272e-01
-1.195363155067541427e+00 -9.253506832850096064e-02
-1.308986524799387041e+00 -4.533100962800573619e-01
9.987871509862713548e-01 1.738905768180919742e-01
-7.210459044156879438e-01 -2.923249425844104410e-01
-7.391479306038050145e-01 -9.261589780500653069e-01
-2.720050088243496367e-01 1.252008131773957755e+00
8.627968211674280630e-01 -6.206206603655984866e-01
2.198894616231053256e-01 -4.569441043941954161e-01
4.014223898927507528e-01 -3.776725676414837141e-01
-4.486662937307843713e-01 -2.293098318222893450e+00
7.540952241262416367e-01 -5.655953306559969862e-01
-7.199474100821108558e-02 6.353320577378162026e-01
-3.522609878316023124e-01 2.384316620820612631e-01
-1.898191450913177203e+00 2.327602453504636348e-01
-8.266904110922087545e-01 -1.879275396141817822e+00
-2.493161066246773472e-01 -9.862789897757213708e-01
1.085310772795986978e+00 -3.885574798918527972e-01
3.015158880889946824e-02 -2.202673139568760874e+00
-9.364300461652788066e-01 -4.006679576181129687e-01
1.993799900500012601e-01 1.691925169136406559e+00
-2.885817324584786236e-01 9.043018327231949760e-01
-1.974134357974845211e-01 -4.095494080492469990e+00
1.650656345861824192e+00 -1.339123225028450437e-01
6.455694497577295632e-01 -1.950161216313278656e-02
7.164403413754095729e-01 2.500547970745263249e-01
8.079846802131530614e-01 -7.628738215885019214e-01
9.619354966212419200e-02 -9.825695781671445195e-01
1.408604672997734397e+00 -1.385261613773444589e+00
7.539181755329997514e-02 -2.871722772328358930e-01
-1.437018833697453202e+00 2.351698491562095317e+00
7.412877177684781271e-01 -2.694975548059375670e-01
-9.677722753491755370e-01 -8.223208783065902999e-03
-7.885471296430786314e-02 5.352617530386463013e-02
-5.345195946182892399e-01 -2.685553989446328949e+00
-3.206316099850072265e-01 -5.508815946887597459e-01
1.383372198603548542e+00 -3.655328694883773988e+00
1.839381134940945905e+00 -3.401446725866304477e-01
6.310403260188717223e-01 9.852535290983533978e-01
-1.458430592823938721e+00 2.510725660869657538e+00
9.832258433609962767e-01 7.514814690767758210e-01
6.714100892980159885e-02 -9.378249169183581202e-01
-1.363948789045635435e+00 -1.458943505999502344e-01
-8.317554420140662597e-01 -3.346792177363232534e-01
3.611147854550755265e-01 5.335129010893348012e-01
4.199778466075925754e-01 1.516883700523533829e+00
-5.936064924034697432e-01 -1.021439520952295954e+00
-6.177484280082120582e-01 1.709225794180188940e+00
3.462782609898115704e-01 -9.121489606638238934e-01
-2.302854285498638909e-01 -9.643205768595239924e-01
8.604371664789093321e-01 2.420406488282445867e+00
7.225761557194837481e-01 -3.267084275696424123e-01
1.387700903319057044e+00 -1.815609597283655896e+00
1.726143673777837950e+00 -2.245514472877475853e+00
-1.210528038058364952e+00 1.826082766801623958e+00
-7.939789330534178236e-01 -3.856233284292253649e-01
-8.359331053058615124e-01 1.829331871444673796e-01
5.453879887171436680e-01 1.834688601742366476e+00
-3.505602150458458910e-01 7.730532558491336470e-01
3.582790465046763462e-01 3.218241519061065814e-01
-1.412410573591336593e+00 -2.832285042516816898e+00
-1.876912331887700403e-01 -4.098382883204553240e-01
-1.411951152667624054e+00 2.753782290351328932e+00
-1.337592907402063991e-01 -1.932504248928749613e+00
6.940194145621696453e-01 -7.388205466506369001e-01
-9.088202077608272811e-01 -1.016562076130203662e+00
2.977082574209789501e-01 -3.529804670264832245e-01
-1.243122355868655493e+00 7.537704488380804202e-01
-1.685374239723867740e-02 -7.473985791109514221e-01
-3.352478900053024180e-01 1.026224532523975497e-01
-2.695974751767293842e-01 -3.678655479994242805e-01
7.868085029598566038e-01 -7.413618581555396769e-01
4.255761995614593118e-01 -5.450430148818640186e-01
6.172253963860118153e-01 4.976138803806545718e-01
-3.869300584154686251e-02 -3.408927683098726957e-01
-5.927026232750143286e-01 3.094215611276394107e-01
8.585343711123318011e-02 -1.286926248544164375e+00
1.411511218533166301e-01 8.575838128518468162e-01
-6.606058117598838653e-01 -9.081189510116394192e-01
7.292687463020363081e-01 7.099549099992116252e-01
-8.779117215679039798e-01 -1.348020354529604115e+00
-7.048383329716604306e-01 -1.292618394710510543e+00
-7.321676746589551865e-02 -2.008637213591298321e-01
1.347758097810634714e+00 -3.830737915117403691e-01
1.439833534428960338e-01 1.444699214697942491e+00
2.538777912311700469e-01 1.236286707119073291e+00
9.384377233100780202e-01 4.684419283969123993e-01
-2.473813672742968817e-01 1.853500443091286254e+00
-5.606608967229279594e-01 1.854838829885484319e+00
-1.655257247880809190e-01 1.751366112204265080e-01
-9.466546694141002583e-01 1.493268136729036522e-01
-1.362573844224680197e+00 1.885597378409854308e+00
4.237872095391636423e-02 1.232404186644826316e+00
3.169691340601750174e-01 4.196279427172807663e-01
9.324261284344774747e-01 -2.249496624086237073e+00
-1.703092083327176764e-01 -3.620718840194941390e-01
1.338836077164362072e-02 7.641198703263432090e-01
-1.286760992669802928e+00 1.054979004002502663e+00
3.269886473975203156e-01 3.552688638425733902e+00
-1.338919719962753940e-01 -2.485681215559127466e+00
-7.002649071593741725e-01 2.033983588288919009e+00
-4.775208800084018157e-01 -2.906315904088343061e+00
-3.744051933624721329e-01 3.746853906991729488e-01
1.838567978914457113e-01 -2.927844257449392806e+00
-5.945112707254563977e-01 1.019501616597320026e-01
9.012219755408168442e-01 -2.250167559008231233e-01
1.815258004834153782e+00 -9.252773088103306565e-01
4.858504237724996511e-01 3.342444593024858523e+00
-2.421057639619329294e+00 -3.272972078681399277e-01
-2.070896763844264632e-01 -2.313392561703868922e-01
2.739362790192602093e-01 3.475079959678647690e+00
8.621388035576719178e-01 -8.389251389944369919e-01
-2.166193984259025263e-01 -1.692386502991914288e+00
5.841000024805174107e-01 1.627852039092163805e+00
-1.770745094262395458e+00 9.018024833521258721e-01
-1.312597059214163808e+00 2.706567824562683064e-02
7.931314132742899314e-01 -3.674751919559522961e-01
-4.468991993741905366e-01 4.698755261003775829e-01
-4.329477149704755168e-01 1.196083314215665716e+00
-1.024724475536984647e+00 -7.482242670514124283e-01
-2.843432693700229219e+00 -1.212271966735384954e+00
2.176201852532445580e-01 1.809633576522137410e+00
-4.513728993146129964e-01 1.523634556765798953e+00
-1.866445064862433112e+00 7.828094119492614578e-01
2.252889448268267647e-01 -9.492623559588166948e-01
1.538457855596364610e+00 2.153255864582577783e-01
-6.031266913710312538e-01 1.591110739103407945e-01
6.557789067514041559e-01 -1.999729526579408390e+00
-1.527918434478985565e+00 -5.919638002204138383e-01
1.468819908184151757e+00 -5.997138922503436609e-01
3.160661124676212297e-01 2.726554496213846157e+00
-1.716048503906550671e-01 8.129364361038092790e-01
1.455746241761235016e+00 1.734055486970949689e+00
1.460624391905099018e-01 -8.150168577292979943e-01
5.921628440865782661e-01 9.630824755660025716e-01
-9.380784247880676885e-01 3.180835178881402103e-01
4.493973079497120549e-01 6.313625308823948012e-01
-1.101772026796556059e+00 -3.131357366702722356e+00
-3.019418151010919149e-01 -2.004993130564721948e+00
2.988308579770089235e-01 -5.580895243096390956e+00
1.675119431004340464e-01 -1.660472400697191597e-01
-9.888114431670097515e-01 2.553126029650882423e+00
-1.490430234961754641e+00 -2.767485460940563691e+00
-1.942596976189566504e+00 2.521606359044867407e+00
-7.593179418389411905e-01 2.558488673331735352e+00
-5.453934162719428214e-01 2.481184756903894062e+00
6.390243753025167672e-01 6.777080629367820963e-01
1.164038570816767315e+00 1.173798904910636098e+00
4.887161643450552845e-02 -1.600594258137008286e+00
-2.096148738261785494e-02 -1.135291215320719527e-01
2.314998379192700906e-01 -1.141407808955443359e+00
-4.184088134210931648e-02 -1.191769206415960403e+00
-3.681398776016868157e-01 -9.771952206174963074e-01
-9.909551947832391239e-01 5.639431429516851280e-01
-8.378408329598292514e-01 -2.153987891294816048e+00
1.387433368563459335e-01 -1.771129632162201872e+00
1.006219896837346139e+00 -3.543885770526635781e-01
-2.498914981314901418e+00 -9.536795492325831347e-01
4.350313193103779175e-01 -3.898241445266821259e-01
1.477662586088704100e-01 1.462445056246591379e+00
-1.573266732142545532e+00 1.965692177236875393e+00
-2.985646391585157766e-01 9.448172040722340181e-01
-1.541202993231811202e+00 6.679410582394317286e-01
1.573680411441578664e-01 -3.901840622655729507e-01
-7.809387960946282403e-01 2.012970454842492707e+00
-1.508176022559577056e+00 -1.394966076020577317e+00
-5.129496390740936329e-01 1.154037994770447328e+00
-8.315518529517218482e-01 8.740660365898640372e-01
3.936905875977723124e-01 2.269486108957245563e+00
-4.140098169857118759e-01 -2.579181928788766565e-02
-1.529985674568740794e+00 -1.774304758728652009e+00
-5.908811752628592151e-01 1.193658680038771180e+00
-2.046096134444252090e+00 6.288661037160179212e-01
-1.116418974678195841e+00 -1.936308050629693911e+00
9.301613405923325750e-01 5.029240898178981289e-02
6.975184918630524811e-01 8.443752943156004331e-01
-1.006751949907184640e+00 1.361310325856156800e-01
-3.199739994525155895e-01 2.190434849190717959e+00
1.059645410100503948e+00 9.904397131621641703e-01
6.596062593875817726e-02 -1.001496713466200728e+00
1.505069965034624702e-01 -6.985015365471652915e-01
-1.273092821853648360e+00 8.736734005157694716e-01
6.822138179294613414e-01 1.389166647663716336e+00
-4.988453063897297368e-01 2.980433432434952956e-01
1.261711771164479856e+00 -3.886514468056690430e-01
9.778811389024747447e-01 -8.016935943533550768e-01
-7.670210559900750846e-01 -1.156310579374786984e+00
1.160716846898448784e+00 -3.747830213961376167e-01
9.469888879394803283e-01 3.156217785330446834e-01
1.714418548356304584e-01 -4.098828300130767377e-01
-3.489458040234291042e-02 1.293058909415251589e+00
4.654307608593895584e-01 3.944153794197319041e+00
1.078468554139788926e+00 1.429891041778450278e+00
-1.808337143823578186e-01 1.789032895867788575e+00
3.032785181886813453e-01 -1.093828213439637098e+00
-3.237854974843867306e-01 -1.036557366705715966e+00
-9.806861730993571280e-01 7.554451414341600834e-01
-4.096140056400571217e-01 1.700721991223941021e-01
2.643465802264146070e-01 5.810899215802690643e-01
5.257060048144495124e-01 1.500309138595157687e+00
1.889199977143001918e+00 -1.804789053090236184e+00
1.112428448546501358e-01 5.619320894455948068e-01
2.071865461008725262e+00 -8.584192872213675107e-01
-4.718537230430734364e-01 4.196370177100187671e-01
-7.047436545090579596e-01 2.829718294261651113e-01
-1.015826859885056388e+00 2.040467170335843683e+00
5.970096499094261766e-01 6.224177203584477791e-01
1.257274464920314250e+00 -8.614263619342623635e-01
1.127958128671046056e+00 2.412657590520732032e-01
7.740246897624195599e-01 -1.340234222726164992e+00
1.367900927154007684e+00 6.489324963485503250e-01
-1.683156411038104761e+00 1.091589045369470261e-02
1.905862609578678202e-01 1.530878026786525403e+00
-1.692290922682620602e+00 -2.479566638926067879e-01
-2.439914391653539849e-01 -1.346806507096963035e+00
6.195074547709737978e-01 1.998466782814473375e-01
-5.155841556366504985e-01 -2.253464133949512060e-01
-1.522393821071108544e-01 -1.035079414140542386e+00
1.463607065614436764e-01 4.406925481634479391e-01
8.862090163318203651e-01 -1.073730421846003535e+00
2.126203694475763850e+00 -2.344587117445855906e+00
-4.463625145496375457e-01 -2.470640100877522990e-02
-9.777746696047783237e-01 -6.948257128381798431e-01
3.775572420179303390e-01 -2.589032219810892821e-01
2.573449645797927510e-02 7.766869253421732067e-01
-5.755203147904891514e-01 -1.941588147427320277e-01
1.075885653646129897e-01 9.344388762083663535e-02
-7.565879985081571668e-01 -2.391067338590949554e+00
8.908033419310044110e-01 3.011487153301948827e-01
7.993662343528761260e-01 1.957348138547813088e+00
-1.538677322744775589e-01 7.717593196536375322e-01
2.257040678222287156e+00 6.601859178787944371e-01
2.272362652286455287e+00 7.497566045823327308e-01
-1.023700833818761424e+00 4.359280077511204499e-01
-1.373390517113529441e+00 1.890873998771570585e+00
-9.138080228977675523e-02 1.033636142805594238e+00
7.593587516501042467e-01 5.816833762729831658e-01
-6.163231358823536565e-01 2.385184508086699573e+00
-8.234310501224395562e-01 -2.956739117149159712e-02
3.171660109094767144e-01 -1.342070534028297235e+00
-9.373427462511489949e-01 1.941657776700072446e+00
-3.587948289729196993e-01 1.217435171914679648e+00
-1.901353796976789967e+00 -2.129901964505417578e+00
-2.974023749746340095e-01 2.499350824482346578e+00
6.603472275671066205e-01 -5.344944186928778374e-01
2.380148960260324020e-01 -2.699736322190657400e+00
-1.500701397944405491e+00 -3.145719675112433333e-01
8.633927720628271629e-01 1.713006475251581007e+00
-7.947201557636925928e-01 -1.665238089416610334e+00
7.496196930827223603e-01 6.708576611758418906e-01
-9.902772873395380149e-01 -3.818844688153117950e+00
1.069237501729763284e+00 3.559417988096270913e-02
-1.123983834246777169e+00 1.060591540076317507e+00
1.474924734032400764e+00 -9.207224724674323291e-01
5.272103395936886261e-02 1.212968522177831077e-01
-1.085551085439370178e+00 -9.327015977087237397e-01
2.825211489835111056e-01 -8.990979949942315974e-01
-7.384784415315065464e-02 1.297260124270461779e+00
-1.260628858602379276e+00 -2.552427241036938188e+00
3.571791443209892947e-01 7.220514001204517696e-01
-8.643562021909094450e-02 4.738868646326228201e-02
4.835592814931623240e-02 8.851469878459793383e-01
6.159718244609416749e-01 2.485392700773806585e+00
-6.644204502429822412e-01 2.816770002635283987e+00
6.398396414853561032e-01 -2.982408213286475984e-01
2.619156619508459793e-01 9.115717113293415608e-01
4.548640858165655665e-01 1.991612115725649224e+00
-6.124987973613352787e-01 3.025189060435571786e+00
2.539511356660062100e-02 -5.156256133915317896e-01
4.046644810807910608e-01 2.669146522433369473e+00
1.285422337581566765e+00 -3.869085492624378952e-01
5.504753623700029408e-01 3.539569135850174908e-02
-6.104861633237212981e-01 5.261229261308656424e-01
-3.416726530910711990e-01 -1.493003402556314363e+00
2.261839274250601051e+00 1.990693392178747079e+00
7.788321554592686491e-02 -1.315249669042877878e+00
-5.775134837208297789e-01 4.800744126295126701e-01
1.357905312562638578e+00 8.597763453926988708e-01
5.451687496972683622e-01 -1.765436532293444438e+00
-8.238556148802000934e-01 4.579340540894689116e-01
-8.112414069939017924e-01 -3.045367134822379307e-01
-1.842016534716250931e+00 2.047079138665789166e+00
-6.791824291131883795e-01 8.516136880867531955e-01
1.784726812366214777e+00 1.531187815559468035e+00
1.395647477691541516e+00 3.400981304897648383e-01
-1.192282316100906403e+00 8.990024707269810289e-01
-6.612414396734719313e-01 9.869368860659993858e-01
2.269717816794701859e-01 -2.182351588351912230e+00
-5.619074442928383428e-01 5.667657482213947495e-02
1.592330731284424816e+00 2.307794038190382313e+00
5.544889438343690857e-01 -5.865824672149350105e-01
5.339554146425066206e-01 -8.131925940860427193e-01
5.874352076712525683e-01 1.838186679255346290e+00
8.536414031331485130e-01 -4.082937962783497743e-02
1.011799852509759789e+00 -1.268656728975000592e+00
1.107514365120025879e+00 -5.741550985747150282e-01
9.194356133020968880e-01 -3.863639493288808957e+00
-1.650467044240467862e+00 1.136549001396230274e+00
-5.693727673537469780e-01 9.055696483328277147e-01
-1.512462703530554009e+00 -3.332597722795530570e-01
-1.450831186594242830e-02 1.229176768110506801e+00
2.152180055626529420e-01 -2.725178777230315985e-01
1.038578248442414420e+00 -1.482657425918247340e-01
1.354444673441157487e+00 -5.150952750667650015e-01
-7.486270761420098507e-01 -3.673348987863148118e-01
9.664272867708542103e-01 -7.078985942000006748e-01
-1.717694329059843206e+00 7.877068891318673993e-02
4.572889564131444873e-01 9.320832254607749334e-01
6.170335647208098351e-01 6.253901278415664455e-01
-1.207115938155618684e+00 3.652587398130515139e-01
-1.342138946942626365e+00 -6.054490791590051435e-01
-4.231642028647051856e-01 6.368512753459966147e-01
4.935797901759946815e-01 -9.011997802613044839e-02
-1.161356019526638361e+00 -5.666275414623984652e-01
-1.351408120837666926e+00 2.526610498961460838e+00
-1.833836320235381345e-01 -1.856422239626141835e+00
3.317337677579300648e-01 -2.175371739107226698e+00
-1.184985270052217654e+00 -1.093640439704355982e+00
8.982599774064435882e-01 1.271834374680779478e-01
1.746404341501581747e-01 -3.133347165288844494e-01
6.789216589478206387e-01 -1.058392085142648265e+00
1.734327499994516186e+00 4.070067090508737717e-01
-1.350308314403116050e+00 3.899163066542599143e-01
-3.383538872705970091e-01 9.127940837962118525e-01
5.923990555536863267e-01 1.317423109887447152e+00
-1.269177562414821159e+00 -7.652899307973737297e-02
-8.064364387378577526e-01 -3.361541720217974039e+00
-1.157330881173671777e+00 2.138796742644183624e+00
5.742747748586450873e-01 1.006888098461284242e+00
4.975873435142010304e-01 8.005910517448893149e-01
-1.428211921455712297e+00 -1.354170007791444696e+00
4.643213182018161578e-01 1.036896685877057633e+00
1.956651122286251765e-01 6.568563527898447774e-01
-2.128640618619482838e-01 -1.356009364014215901e+00
-3.563913023200987462e-02 3.800897688607902114e-01
4.114772400532200058e-01 -1.265879510595064428e+00
-8.635711131032705046e-01 -2.596054703828826415e+00
2.533023570278191694e-01 1.337541876222931192e+00
9.906252241654952551e-01 -2.847697178036812993e+00
-4.719915608849272193e-01 -1.611836353727683357e-01
-6.836281413058216128e-01 -2.791227839510742381e+00
-1.292338452209529809e+00 -1.750621549441968794e+00
-5.294592136888629508e-01 6.342992401843791095e-01
-1.370992289623421401e-01 -2.100166943400192832e+00
7.968336511910038000e-01 1.633911494262857422e+00
-1.997078382169923949e-01 7.815630114006295592e-01
2.654865822162265632e-01 -1.970249804571483354e-02
-2.052006760514985650e+00 7.010610233947692782e-01
-1.493332148178057928e+00 -1.302701813073711690e-01
9.432677649521059582e-01 1.037312651957906340e+00
-1.682749468978053109e+00 1.933117406305515207e+00
-2.275651814844447396e-01 -9.621255383488906687e-02
5.781115875490739908e-01 -7.557542937593866306e-01
8.861055339479705084e-02 1.642690646022141987e+00
2.911359327694800284e-02 7.485693672262694331e-01
-5.140444032071155300e-01 4.243278609014403124e-01
-1.460783883318073961e+00 1.230000501685345471e+00
1.403426854760269071e+00 6.262493704331030253e-01
8.404811358314914216e-01 2.100445028337289965e+00
1.317753547135898318e+00 -6.641830716489154074e-02
2.459211727315135931e+00 2.299513522381182007e+00
-5.960288804919540162e-01 1.717992976829503027e+00
1.338948166675959062e+00 3.424771116288956030e-01
-1.018880842173904844e+00 -1.532892890505830608e-01
-3.361173750910608216e-01 -6.495475205847681677e-01
-2.724783911084254218e+00 4.453662639450324812e-01
-1.706488329915221813e+00 -1.670657297373465466e+00
-2.756784140600984992e-02 7.308708447248112305e-01
5.900279703915564111e-01 1.585692294352142095e+00
-6.012997576931433663e-01 4.209168672745339790e-01
2.495528403849526011e+00 -3.048998274014041738e-03
3.911217634234048224e-01 1.507434846168032305e-01
2.096871204187211735e+00 3.157276360349444144e-01
3.647877625508893357e-02 -7.944480518509037248e-01
6.007720514461127870e-01 -2.022743056213495705e-01
-5.509826826212024242e-01 1.086712876282056595e+00
-1.079155058144619428e+00 2.734277780354758658e+00
-2.132419611130867698e-01 -1.148318584824111754e+00
4.646030132722874240e-01 9.087307345676767234e-01
3.367562590924568777e-01 -1.146421395532188248e+00
-1.223139066914355616e-01 5.509144157653068641e-01
6.209804667277544210e-01 -8.730578545965400616e-01
-2.915338917195374080e+00 -3.106450842574713933e-01
1.055589615853328889e+00 -2.414171857778439900e+00
-3.155168784855625352e-01 -1.014968322309078852e+00
4.032938249493381311e-01 1.978940077667300512e+00
-1.475759003331655189e-02 1.489532192676333189e+00
-6.909144733009794925e-02 -1.379154654496192123e+00
9.512106984017429934e-01 -1.960577620221416462e+00
1.943102882263504139e+00 -2.209469202278989464e+00
-5.811756402575561919e-01 -8.709483630679974997e-01
-2.466551382670252757e+00 1.170629656945995523e+00
-2.121020468761435074e-01 -1.279776073128738312e-01
-1.807879805186416000e+00 -5.398946516042327781e-01
-6.060698610647742290e-01 -8.061638310082464010e-01
-7.642587519452473943e-01 -1.366680131040894919e-01
-1.019960705157552772e+00 -4.417175229971170292e-01
6.270521120085519318e-01 -7.791647159157398805e-01
2.287256981641214715e+00 -9.664378021843652578e-01
1.127085160802895891e-01 1.723822110530802976e-01
5.119759901256687451e-02 -1.663863932383165212e+00
-7.840048216081259014e-01 -1.650563962968815690e-01
6.378972252109199603e-01 -4.800698402641838669e+00
-1.764197036102082672e+00 1.008633779504721720e-03
3.084921419635004991e-01 3.996800875821568400e-01
3.596129464871813258e-02 2.170331005402112157e-01
-1.023547943348341205e+00 9.581632598420971592e-01
6.548532858511008081e-01 4.490552925731476352e-01
-3.603090104206143618e-01 -1.922984092703802494e-01
-7.078226343893136985e-01 -1.135272956705303260e+00
-1.756085338498622139e+00 -1.028504374048881731e+00
-7.583070070887990566e-01 7.642474521758885198e-01
2.185132665667758045e-01 3.985893813061732738e-01
-1.830685535130089026e+00 4.096724752302761674e-01
5.059952548133928030e-01 -1.270967370688317333e+00
-1.653609475165278564e+00 4.209885080348512720e-01
1.270588950832964859e+00 9.676104905232689735e-01
-2.510548931446786369e+00 -1.814981627318256741e-01
1.289971591505635118e+00 -8.878779130812788356e-01
-1.617489931481226106e+00 1.960634419961136521e+00
6.161878959693359858e-01 1.781593547034481695e+00
-3.839064239914258270e-01 1.462846864967737304e+00
-4.335512431539579326e-01 -3.134331257424197492e+00
-8.552761762058995743e-01 -1.550489591745702889e+00
3.552342135674659701e-02 -2.058681251814013180e+00
-1.614654593281310779e+00 1.387881575908140652e+00
-1.073465141836507986e+00 1.111535851172289258e+00
-4.292871481374860854e-01 1.974799306609754224e+00
-5.918729506489618375e-01 -3.128494126388436380e-01
5.255334626935125319e-01 6.357066072101610343e-01
-1.548991293737237152e-01 1.184193881375700697e+00
-1.106861350703108204e+00 1.088670432395230231e-01
1.789917075241374000e+00 1.950808999849089398e+00
2.331675266721128237e-02 3.913563898642444805e-01
-1.431840656847942206e-01 -8.967951750190418236e-01
2.616476655211319446e-01 -1.291982550178476297e+00
4.803881424060304495e-01 3.226005895295228632e-01
-2.003298026306024937e+00 -2.247757901153018878e+00
1.156783405990524427e+00 1.322405666155318071e+00
-4.438427708621104362e-01 -7.298176703489043238e-01
-6.624142953124916022e-02 -1.078865658772824865e-02
-6.254682841145370320e-01 -7.342741976913139679e-01
-7.994873211720211481e-01 -2.673263080840394768e+00
-6.527092347967168307e-01 4.526014910360450644e-02
8.582168728164755178e-01 2.345622588271112363e+00
-1.589130609944464922e-01 4.597789699691224863e-01
-5.739641661451632126e-01 1.847989747173387043e+00
-1.416385431673708117e+00 -8.118000180710076563e-01
-5.955172574299135713e-01 1.126028862962960897e+00
-2.843906384400455289e-01 9.215099388291571048e-01
8.154876101875923045e-01 2.159963983210651861e+00
-8.880853437795679373e-01 5.335166465259653101e-01
-5.524308697983730809e-01 1.487656798096655075e+00
-2.294087183390346174e-01 -1.601836191234360385e+00
-1.214320368838154307e+00 2.241150470545148821e+00
-7.769957099423178137e-01 -2.300122234095379525e+00
-1.070123297345271007e+00 2.543180970970837063e+00
-4.146775855359316476e-01 1.493129978852487438e+00
-6.490159916763292847e-01 1.789055950789413041e+00
1.807939634969273901e-01 3.142633637042062222e+00
-1.063166732687907734e+00 -2.039241819890980523e+00
3.246811439274057687e-01 9.919721798104800259e-01
-2.705633924781652322e+00 -2.528794192793359930e-01
1.446444932700638120e+00 1.127924425295083077e+00
1.215505564367036717e+00 9.961849640068402012e-01
-1.099033463461240173e-01 1.519447125320517733e+00
-3.563368017114801889e-01 1.748252037839953088e+00
-3.865289198063832088e-01 8.209039752146725100e-01
7.986407828343623505e-01 -2.544451077711433751e-01
-8.044817552228346047e-01 -2.945638640870122060e+00
-1.244325304493913320e+00 5.443954082582049825e-01
-2.002434743605233880e+00 3.118181936166142254e+00
-1.949319702261189113e-01 -8.582316905270296337e-01
3.623110172122743777e-01 2.799590181303146075e+00
8.487362725596342417e-01 1.885001816549338072e+00
7.956335107216060409e-01 -1.525904686667065802e+00
6.931752944031534247e-02 1.549595440610052333e-01
-6.633706238831866830e-01 2.200951268872420208e+00
-5.333463827134412583e-01 -1.335346895926129429e+00
2.862610587952836294e-01 -1.890797127737918304e+00
7.721558307907687713e-01 -2.395706556522863906e+00
7.732122889127291954e-01 -1.821816986555607532e+00
2.676248586579127453e-01 -1.152191964675393976e+00
-5.364967887839301730e-02 -1.213056202941536488e-01
2.694442910774203614e+00 -1.625195746563660615e+00
-4.866472940385680457e-01 5.748981306408768033e-01
-1.724786509987529526e-01 -3.579298056575684228e+00
-6.039327072554658837e-01 3.377572883480517985e-01
-5.511765467575830968e-01 3.039927443356499337e-02
1.066092239245980400e+00 -5.509166238884790623e-01
-1.586560251573462532e-01 3.733906426505065879e-01
1.551776658215424876e+00 1.093460167797306593e+00
-5.396249132925321490e-01 1.959240381734857372e+00
-1.482579189882956838e-01 -2.148912554482315662e-01
-6.650470903279057655e-01 8.640536126961807506e-01
4.268746175298355761e-01 7.747049829641673435e-01
1.031296892991446501e-01 3.204056974540049341e-01
-1.606382700089205251e+00 -1.151129743282726103e+00
1.562449249593658829e+00 -3.378013423624280920e-01
7.646742526182699340e-01 1.005245769398291078e-01
9.756114116149207094e-01 -7.436201712412289222e-01
1.097511568622327793e+00 -7.704397330268717425e-01
1.516635842096341502e+00 -5.576412058992599730e-02
1.012370287710429445e-01 -6.159355099761409935e-01
3.375614171043618272e-01 3.658931424307863556e-01
4.688959610330151739e-01 -1.769351418344413451e+00
-2.773110802337888536e+00 -4.298474889102608110e-01
3.307454609148341995e-01 1.960531721004644679e+00
1.591509540100166431e+00 -2.310131658545653277e+00
-1.189048131659279584e+00 5.537117723903451916e-01
4.879901886110442621e-01 -3.243929286145953439e-01
-2.846126598865385549e-01 -2.747727399587914995e-02
9.498669843480990194e-01 2.137165691834615799e+00
-1.714866737584427037e-01 1.252864671654253248e-01
1.037486737634777167e+00 1.636263816366065438e+00
1.615467916555960892e+00 2.776189793048283949e+00
-1.699773937759555320e+00 1.113800236732840787e+00
-9.870054392336405913e-01 1.611951281356222565e-01
3.422881396383205266e-02 1.918612268009774885e-02
-4.116485255515427433e-01 1.511193892243806736e-01
4.970962801820023175e-02 -2.346967603577112538e+00
2.656845340400756320e-03 1.786545627557946103e+00
5.655900738946689765e-01 -1.417893057999655815e+00
1.915057411725828551e+00 -2.080202234566890240e-01
5.362833900523884534e-01 8.844996985852954241e-01
6.426044322998951674e-01 5.673910196458508137e-01
8.151792627475723529e-01 2.358825598839561888e+00
8.487674948039621373e-03 -8.355121007406749456e-01
5.818443209960225682e-01 8.599482310552473141e-01
-6.128107824063111497e-01 7.343321130359783955e-02
4.009609034432999874e-01 1.857899123248310858e+00
-6.739044579122128731e-01 3.018834908419645857e-01
1.186690510371257279e+00 8.354968097252398751e-01
6.746987128605188566e-01 -1.651838248454892133e+00
-8.950777130793266534e-02 -2.128106621437864110e+00
8.437416599348487312e-01 3.885664106017542530e+00
-1.570237336886109336e+00 -4.085758102076814779e+00
2.496271311034945761e-01 -1.715746503180098248e+00
2.980893567683099987e-01 4.994467532764706452e-01
-8.397537930048732530e-03 -1.014711399909915129e-01
2.444305482427998055e-01 -8.123609442486150467e-01
-8.098415541325261202e-01 -5.730090465649673170e-01
-6.626941849265780560e-01 1.384320993250829801e+00
5.071344133776790608e-01 3.689948693259714751e-02
4.565226343904410511e-01 -7.167440096392877491e-01
-1.565837516964072806e+00 -3.382854362748480836e-01
-2.356430198346377569e-01 -2.146883548963042454e+00
5.870622888480188095e-01 -8.585283461287936124e-02
-6.909212503752617529e-01 -6.289503262744169376e-01
-6.848735581965784691e-01 2.843313895930362767e-01
1.598808618543445526e-01 -5.262305156370138404e-01
-3.294613100539936501e-01 -6.943699465505639434e-01
-4.708946428709908094e-01 -1.438975942557053633e+00
5.942943733197407763e-01 -4.862232357436144931e-02
1.391257013414751720e+00 1.814415127670906847e+00
-2.859435671783849831e-02 1.112413512797311599e+00
-1.994074673133137798e+00 -1.150383764445655821e+00
1.079115169226801951e+00 2.049319556246272711e+00
-3.803617986693235697e-01 3.081840148959902326e-01
1.889829436998789802e+00 1.934782251408006637e+00
-1.259828169333264025e+00 2.917553729748852298e+00
1.557329300905968772e+00 1.507464997376109617e+00
1.095700706355963394e+00 2.990313278580125189e+00
-2.180153059405640636e-01 6.069093655163709800e-01
-1.349835289302163011e+00 -1.070672232033939464e+00
-5.750680939058583352e-01 -2.035100353441482213e+00
-8.476293357774581372e-01 -7.704327317049007862e-01
1.185934880353050724e+00 -8.656167285764210240e-02
-1.859775575061766995e-01 -6.497181967127005353e-02
-8.259178571627869836e-01 8.000821566820743858e-01
1.639895831869286891e+00 7.705617131392621388e-01
4.379368062126989258e-01 -1.381311228949102743e+00
-9.650913108415246633e-01 -2.797622244640838446e-02
-1.528105372424389263e-01 1.651610749214464491e+00
1.935098648357555406e+00 1.838953616653023371e+00
1.305601444859710858e-01 -5.904688135765578938e-02
-1.780388734599197553e+00 -2.805918904173002826e+00
1.805516321507156574e+00 1.065485500669072438e+00
-6.177782814371275411e-01 1.843551674651277672e+00
2.678598843166788979e-01 1.963196267790302818e-01
3.021450049102299973e-01 1.134262515196412746e+00
4.592812204134030796e-01 2.631530827591148647e+00
-2.993483964182373502e-01 3.658884262054521996e-01
-1.194448513624420727e+00 -1.123470333281747502e+00
1.069369870048565568e-01 -2.124329335461219603e+00
3.499925086089457626e-01 4.138570007357129654e-01
9.860061501209693713e-01 -3.939256538901456217e+00
-9.205221748926544212e-01 -8.894213368312734458e-01
2.300084984919331887e+00 -1.541928646906894240e+00
2.023158004956056910e+00 -1.845714037843611877e+00
9.027436234064034615e-02 1.514072274320725109e+00
-1.059337913440066448e+00 -4.828356203346341746e-01
-1.015978625628207510e+00 -8.734762288790424156e-01
-1.704466123040125236e+00 3.969861100212010996e-01
9.207560631421985997e-01 3.901796347930206466e-01
-5.401682348071558115e-01 1.176019005097864278e+00
-1.023085490973725253e-01 1.448132123381697722e+00
1.231852057888113361e+00 2.155979064243338961e+00
-2.397467210534800219e-01 -1.241161789490420747e-01
-4.121170076046403175e-01 -1.950668962283329602e-02
-9.126662256042007426e-01 3.363041158705127653e+00
-8.597724437583668111e-01 1.022709021596760026e+00
-1.448739566194823247e+00 2.493680822166123079e+00
7.153969118255754100e-01 -5.582913559452510471e-02
-1.330894778646610987e+00 -2.097917304862240595e+00
3.986073051817337620e-02 -6.963589743288249867e-01
-2.175720072459584653e+00 4.221968550022346389e-01
-3.761166756408720196e-02 4.940565861866609843e-01
4.620474470707325310e-01 -1.887096930254233695e-01
-7.422365853666093027e-01 -4.922707350929674819e-01
-1.544632161239768708e-01 9.010470969005609509e-01
-1.270639208871734149e-01 5.545339574117527093e-01
-1.283949984226620877e+00 -7.616279417145176422e-01
-1.253552845857415776e-01 -2.654323028021018160e+00
-4.990436834725999748e-01 4.564850939623706361e-01
-5.142397718677017560e-01 -1.549895005394718694e+00
-7.617824233882565695e-03 2.217122545173936032e+00
8.478204710739672967e-01 -4.419952507821478527e-01
-4.096810130598733946e-02 -3.251403135206188288e+00
1.039222306221087855e-01 -4.259196461196587791e+00
1.925077854226383112e+00 -3.966359052113474504e-01
2.002795086351627785e-01 4.210684665871878424e-02
8.884074480716716016e-01 -5.002507756605387712e-01
-2.368579902213914790e-01 -2.259606043703639600e+00
-2.567041494749778274e-01 -5.023659991594935370e-01
-2.050091865443768757e+00 -1.659182347468490248e-01
1.185101876015807409e+00 4.659989288178960631e-01
-8.119542309909010269e-01 -1.306032378045635933e-01
-2.158733785044023801e+00 2.992318838200169306e+00
1.087634278796529630e+00 -1.015337099797338327e+00
-1.554531276474599710e-01 -8.802177577613697901e-01
-9.123001506376585690e-01 -5.576602675562229994e-01
-1.042455745101335429e+00 5.632203466766850797e-01
-1.167660326789704550e+00 2.515239126801710468e-01
1.444796686402998409e+00 -4.934512908771790385e-01
-1.498493791853124368e-01 -2.029788437617397467e-01
1.028662348994774378e+00 -3.648433017662944255e-01
7.237708373335446921e-02 6.700805143129791308e-02
-9.165740527087150591e-01 -1.175230566470649718e+00
6.510845561850256979e-01 -1.737583423856273068e+00
-1.159603260645412498e-01 8.455742576546085854e-01
1.555004870700425368e+00 1.278660838470219996e-01
5.567081905120330187e-01 -3.159223725888113954e-01
3.778928512963153352e-01 -2.405228342883576342e-01
-7.952333893565830536e-01 7.352523866397605579e-01
3.590468838183051403e+00 7.353176942624187751e-01
-3.232648243404911415e-01 7.962810533416133651e-01
3.438504937573154230e+00 -7.670778272157920963e-01
-9.839197761071397652e-01 -4.521338800907239164e-01
-3.163282406298034921e+00 2.225191071138786558e+00
8.638888220306024657e-01 2.812320428737608013e-01
-1.002255568847109979e+00 5.680869497917977462e-01
-6.217148597220321093e-01 7.037175236325209360e-01
1.190759197933052960e+00 -1.024182157228980261e-01
-1.711139872365857739e+00 -3.305446156382981782e-01
1.409437059212740095e+00 -5.478764512723582891e-01
-6.144785660707261510e-01 1.097742517204769591e-01
5.562515419501283809e-01 1.138940765298814273e-01
1.057690790353258858e+00 -1.496997986740748132e+00
3.837138766426920200e-01 5.348770859676369449e-01
-1.842383959468056887e-01 1.661578939126561627e+00
9.661195334114285327e-01 -2.132355302083198900e+00
2.435856093379263065e-01 -5.074460812613858923e-02
6.282273990961392274e-01 -2.070501934277984457e+00
-1.684041123385781713e+00 -1.118430694026087968e+00
-1.379227153421133778e+00 8.736692438198975230e-01
-6.894815944371852912e-02 -2.186852951337748152e+00
6.814118124026888879e-01 1.681270576979708053e+00
-6.332195729588627753e-01 4.898277451203599253e-01
7.792447016465660348e-02 -1.587926153300119214e+00
5.552058217523054839e-01 1.729320923562312373e+00
-1.134413922909535577e+00 2.435452527637157694e+00
-5.651208930625731819e-01 1.721781257842742940e+00
-1.260775496255218120e-01 -7.401844955147617311e-01
4.958125645283404936e-01 -6.854219115823022568e-01
-1.542728251156633368e+00 -1.360250338570778039e+00
-5.883465525226304615e-01 6.021505815521833727e-01
-2.176391051644254448e-01 -4.570073619595024894e+00
-1.023535929888154117e+00 8.076530355407453010e-01
1.438985295579115808e+00 -5.766858315818499392e-01
6.882737165224526166e-01 -2.048248557554165128e+00
1.543977301432930993e+00 -1.558204452445212329e+00
4.902667426341578150e-01 -7.730875075707479560e-01
-1.906946817199280941e+00 2.856592252584736480e-01
1.878296127151615647e+00 1.182375388822739737e+00
-7.103034883794746568e-01 -1.334995761208486842e+00
-1.188311362019885964e-01 -4.253186411486902796e-01
-2.946112171613090025e-01 7.126781197861972172e-01
-7.330707432411702751e-01 -1.626043466293443096e+00
-9.416427591101600436e-01 -8.049094161453950180e-01
-5.696865931374462955e-01 1.376406987164812579e+00
-4.116152242126857458e-02 -1.013389060639627026e-01
-1.339213093809398458e+00 9.516042056893078138e-01
-2.086133490421328229e+00 4.714745906777905171e-01
1.430563086181962706e+00 1.554917312518154127e+00
-5.213980938120861275e-01 -1.161247431241203110e+00
3.545714192567024914e-01 -1.522261219129920073e+00
2.908242665371974216e-03 1.568355841523167316e+00
-6.998904133692942509e-01 2.628449423978472144e+00
7.558764299142457267e-03 5.631994053671313116e-01
6.893749813904728740e-02 3.060371636823687180e-01
3.063574605701019915e-01 9.817708986993255449e-01
-1.586880265383864508e+00 -2.283521109905347402e+00
-2.092177110133856544e-01 -3.621759824686868190e-01
7.197728381992748448e-01 -2.317018006861871093e+00
3.701142741324299212e-01 9.426758813688981276e-01
-9.710470872921822538e-01 6.533345595739142864e-01
5.556783967729619911e-02 9.216267231195318654e-01
-9.506545062358662257e-01 1.254862774579480034e+00
9.427225334566259329e-01 -6.011993469893384123e-01
2.017220707173655314e-01 -1.228271835365874143e+00
1.044671267366522160e+00 2.562688232296097546e+00
-4.790800011068809816e-01 -6.375919436946190233e-01
1.021853349489568963e+00 2.827399018276523512e-01
-9.528704744616129929e-01 -1.326342501366183813e+00
-3.763502620225660511e-01 2.475762329759633840e+00
-3.438768170636089527e-01 1.581143815550904164e-01
8.492971138417341193e-01 -1.810129873251230537e+00
6.396035873757787149e-01 -2.144514171401152858e+00
-2.597886396868815506e+00 9.213347761495235266e-01
-1.365513851025076386e-01 -2.630109448615414625e+00
8.227062303823043932e-01 -3.938236633155987931e+00
-2.639507793523337420e-01 -2.901916512684646343e-01
-1.005858586008068434e+00 6.006960705464734485e-01
8.224164400336645420e-01 1.388800583657817000e+00
3.461923025362343420e-01 1.518748469964418257e+00
1.977884555877287565e-01 2.337621102381023108e-01
-1.762733965341578557e+00 -1.345594115708048211e+00
-8.879746721156179801e-01 -2.275232182323271513e+00
-1.585890996022859545e+00 7.959366747865623815e-01
3.878312670116239036e-01 -2.776024764314172888e+00
-1.325455384309312361e-02 2.480126867270132429e+00
-4.312570959674759119e-01 -1.565616466962010511e+00
-7.926478243401386542e-03 -4.866471409905753776e-02
-7.815925515557247127e-01 1.834629312911591148e+00
1.002774585481893910e+00 -1.102735245682687548e+00
-1.325918663095734251e-01 1.379203364892789829e-01
-4.196851328110351442e-01 2.289079912068398226e+00
-3.188749006725547647e-02 -4.046221374799388038e-01
-2.931498296352325617e-01 1.292533976911545812e+00
1.703248129212737494e+00 -9.294664271667700817e-01
-1.062961075965787261e+00 1.140193168256692591e+00
7.241989012863857267e-02 1.765427940609953783e+00
6.041369029253601530e-01 9.059174705179725562e-01
1.931490746506787926e-01 -2.926320643799388055e+00
6.882784999219017097e-01 1.229384573713575346e+00
1.230192565849791558e-01 -4.656064238656555387e-01
1.911689693539156687e-01 -1.013085859928444243e+00
4.442887217077268747e-01 4.772120972689521956e-01
-5.291202015863889496e-01 -7.118894519101210960e-01
6.168151835528051796e-02 -3.230001571732184829e+00
-1.033140780826359517e+00 1.765593409075286446e-01
1.341817312261219364e+00 -1.754921082589094405e+00
1.929584348208978617e-01 7.695201480286402440e-02
-1.565811294705169998e-01 1.164135636459238121e+00
-8.945246600354985755e-01 1.827697017501341392e+00
-5.671786325861132294e-01 3.421806790315878866e-01
-2.829137024908113807e-01 1.152986400275122003e+00
-1.761799620572883709e-02 2.796565824463712047e-01
-2.315524841161217470e-02 -1.880399761722055807e-01
-5.794343848867956615e-01 -2.791733065666709646e+00
2.647549280368223790e-01 -3.485305928859246949e-01
6.019157281918219304e-01 -3.617670866147461584e-01
5.374499808899330100e-01 9.009366801242479905e-01
-5.634143935006937776e-01 -5.587141471519273539e-01
-1.878191659796712987e-01 -1.711449460931010913e+00
-4.889107964866476475e-01 -5.067685402855925947e-01
-5.350829584741093742e-02 3.323082875787302659e-01
-2.292694302988302901e-01 1.220350961190491024e+00
2.626588250026913318e-01 -1.814816536499672228e+00
-5.573258551045465747e-01 3.388658257198292056e-01
1.849191734943928855e+00 -4.431451011523198091e-01
7.102624750457331437e-01 -5.508001341861302746e-01
-1.040035936836615493e-01 -5.241767833106570906e-01
5.480569892482131111e-01 2.931922140666697318e-01
-3.161421946625002088e-01 6.809238783850614096e-01
-1.115098700561529821e+00 -1.696481074654424326e+00
3.364330317558565375e-01 -1.358590475663604691e+00
4.359759933824071121e-01 -8.963504632884441437e-01
9.719808691736235851e-01 3.142761201071592181e-01
1.218012348394633237e+00 4.968543541568311017e-01
-3.609067014953185049e-01 -4.957870513121396816e-01
-1.116785405925750929e+00 1.411518724385956158e+00
-7.803229020790980464e-01 -4.817517819721912620e-01
-1.912349376281116564e+00 3.844969712114491844e-02
1.806377834310116670e+00 -1.110651658585241730e+00
1.725389685162718456e-01 2.084468424606253034e+00
5.925282910454110485e-01 -2.138550674407922791e+00
-4.786841070415753796e-01 -9.659263739254115855e-01
-1.753909335859686447e+00 -8.706920519118015456e-01
9.828561640822826295e-02 -1.267504422813921838e+00
-6.027365934127835168e-01 4.458545001626479376e-01
-9.151220974478398162e-02 1.406877079990280333e+00
3.280361952849243923e-01 -4.887096127502766896e-01
-3.507876203905681001e-01 8.325775604829512844e-01
-8.942719802867371559e-01 -3.396242824739365562e-01
1.822193250563762176e-02 -1.095619002286548849e+00
-5.398104035095633302e-01 3.875691736483470318e-01
-9.422704893364015621e-01 1.540497436874578518e+00
2.983592344131606122e+00 -8.648252198460200102e-01
3.229126323474564852e-01 5.222389254443086770e+00
-2.907759531004138198e-01 1.070373252681914078e+00
-1.112910818978151833e-01 6.586605247175879585e-01
7.349042724850257668e-02 -3.211306049707242094e-01
-8.518887458691170034e-01 8.568859668057664525e-01
7.243080938328262386e-01 -4.248293528376533845e-01
1.278780199422584196e-01 -1.722900788260363081e+00
-1.908923245884029396e-01 2.483878329344473834e-01
3.930150139118735453e-01 6.472743109015952623e-01
1.281321128671679022e+00 7.420127725491251214e-01
-4.167591181815253343e-01 1.025819141379945787e+00
3.146399806720229231e-01 7.443872191023204188e-01
9.498238346053591297e-01 9.164514571137284404e-01
9.262206925239564737e-02 2.308167079851291881e+00
1.935050720293755300e-01 1.278318104095435670e+00
-1.362262302141330705e+00 -2.841509313756480193e+00
1.366094210965604461e+00 -1.980101819505011851e-01
-2.840712681976814147e-01 6.453717761644118811e-01
-4.014231647799711977e-01 -6.087779789522796969e-01
-2.743945995731099874e+00 8.512895852165106581e-01
-3.646891560458446757e-01 -7.728407230232137159e-01
-1.264749581183535754e-01 1.671898315939263080e-02
-1.999036342961934665e+00 4.655397676265919937e-01
-5.846424787801449696e-01 -1.581898291442147775e+00
9.498052714438980360e-01 2.590889868417802777e-01
8.230396633240226745e-01 6.107194024715427716e-01
1.257194758457933492e-01 1.660362254136708460e+00
4.950379408351023858e-01 7.265123314755782546e-01
1.168910938661727322e-01 1.805476681375735915e+00
1.499704841016040735e-01 1.516720173243661263e+00
-1.354913437224011252e-01 1.148166813441931389e+00
-5.099666700105894845e-01 1.161104508359120713e+00
4.984635080444342337e-01 2.400354507513237756e+00
3.199967808760625920e-02 -1.826854925660752471e-01
3.401272154315397866e-01 -6.618199936575079878e-01
-1.578481500317091557e+00 -4.127114079583069084e-01
-7.250617640640485417e-01 -5.501460084310613174e-01
-1.703831427203371662e+00 1.822610273913894519e+00
4.922854162504893272e-01 -2.188298135071228945e+00
5.031096035655608506e-02 5.314891461905820735e-01
9.504584253062995369e-01 1.585792125589206014e+00
3.544069594673316947e-01 -1.410902895863758721e-01
5.182745648723591225e-01 -1.732323158674864860e+00
-8.441745260044573040e-01 1.031251602591988004e+00
4.424560702827190495e-01 9.085268268491821786e-01
4.918574417174615410e-01 -4.808422707928415307e-01
-6.931896862780294599e-01 2.911240165319259332e-01
-2.126193803686800443e+00 1.292412393860383979e+00
-2.892776181071155417e+00 -1.387892358131627812e+00
1.593870354930042865e-01 1.430380899130730299e+00
8.045739090116190706e-01 -2.966968042757473611e+00
-6.183606305906861333e-01 4.338419814578654554e-01
-4.609368470016900199e-01 1.196186151661341679e+00
-1.850610977123401168e+00 3.128650113233562013e-01
6.379516301919764265e-01 -2.742124767145434738e+00
7.259682462818196624e-01 -3.452110723107058465e+00
7.982035279589526633e-01 -4.554961216523561451e-01
-3.853596393179944957e-01 -1.578489825422952020e+00
1.489477126257708672e+00 -4.450211489508795193e-01
-8.925756714081561904e-01 5.167716084876250449e-01
6.425776542431366201e-01 6.103359338557974301e-01
-2.357395683960426425e+00 2.456890098089571373e-01
7.710186467367626806e-01 1.073754331255037497e+00
1.658907942688364889e-01 8.776091015186086031e-01
6.423155566087626056e-01 2.560860471370300040e+00
2.426714960606378979e-01 7.505236478149724944e-01
5.961919834275027918e-01 -1.443756474377550170e+00
-8.231659187073991912e-01 8.233737387596465895e-01
-6.567302849124300179e-01 8.463563018556672368e-01
9.305188612554377015e-01 -3.570394995558830442e-01
-8.144790039083531497e-01 -2.340199994425049113e+00
-1.953696763475431641e+00 -7.811546092466910007e-01
-5.113658861598820993e-01 4.119080276498772730e-01
-4.718507965058786890e-01 4.032611672798540603e+00
1.009870380715072180e+00 8.051786475257156905e-02
-4.444712074456775852e-01 8.358199627676107246e-01
1.743090128124402671e-01 -2.505825112653419673e+00
-6.614903871517854306e-01 -5.512879257314110548e-01
-1.506862918768886450e-01 6.735740052702088310e-01
4.428109132252027180e-01 1.191097636682626471e+00
-1.897912623869598692e+00 -4.292268900849804392e-01
3.752417392723015332e-01 6.793619111963712376e-01
-3.215520646853382014e-01 -3.316067395045762534e-01
-8.479513362833164536e-02 2.627999659014494505e+00
9.314098872974602150e-01 -4.731936283931407194e-01
3.215039329302245008e+00 -3.352641391362608525e-01
3.500110083803927852e-01 1.444394055481782457e+00
-2.576075727322595377e-01 -2.850811192177345355e+00
-9.861004153984791465e-01 2.062860166863483613e+00
1.998468417549620346e+00 2.888907282697841805e-01
-4.272776871912385421e-01 -2.091230508694323476e+00
-1.280734348187110738e+00 -1.767135448009719667e+00
1.517080578196617013e+00 9.281219824136558438e-01
1.476302241288306671e+00 7.081799068445799872e-01
-8.076673572529753653e-02 -1.209702130397560138e+00
6.759436189967772401e-01 -6.149186517499460880e-01
-1.443112572190804466e+00 -3.313029655507927496e-01
1.129384051635326180e+00 2.475576259887592723e-01
-3.317478489476535231e-01 -1.002002456681119424e+00
8.295394067705986751e-01 1.247130703679462327e+00
-4.176465870663724211e-01 2.407327641737260215e-01
1.142466818150734920e+00 1.418236240207576826e-01
-4.293524546283198351e-01 7.879079629702272491e-01
8.341850318289202315e-01 6.073035569020770463e-01
8.314870756468372148e-01 2.084996715618240015e-01
-9.451759368534828898e-01 5.324037969391710590e-01
2.483268766872279709e-01 2.270084573880335743e-01
8.268279372569354857e-01 -1.632143637194003238e+00
1.792173531968522582e+00 1.087453897715601414e+00
1.836707544023006511e+00 1.138036251746149974e+00
-6.280107719754137729e-01 -2.430526925581869779e+00
-3.555718482730222396e-01 -5.547792628192259601e-01
7.832482712171460193e-01 7.217346166838800592e-01
2.121589359136049346e-01 -2.538015825072567067e-01
4.533235366445157455e-01 -1.528668948166141961e-01
9.582509693609247980e-01 4.572556115171425573e-01
-6.687576435724277291e-01 2.299476692583279080e-01
1.473137170473314272e+00 -1.960994466348807974e-01
1.047611144722895959e+00 8.911285136065763557e-02
-1.294824273123519331e+00 -2.483328329329621276e-01
5.240777074488962156e-03 -8.830034044680538097e-01
-1.574839763429204176e+00 -1.386446590908010645e-01
-1.255520959189828201e+00 9.488696457873031509e-01
1.251578209554571997e+00 -1.402928893267532118e+00
-9.051472691331355902e-01 3.415333002094823822e+00
-4.451265535047541633e-01 8.790216505545097592e-01
-8.230972770113478276e-01 -1.800039970336608786e+00
-6.821914184699493511e-01 2.843786466602528651e-01
8.371572487537613794e-02 1.842366138842089995e+00
9.632980933220878228e-01 3.445068658839000597e-01
1.739901312218117724e+00 -3.026388233066972244e-01
5.353207764613233666e-01 -7.455487345826029566e-01
-1.008714490312011547e+00 -8.006848942559067206e-01
2.001447236584698697e+00 6.186575499186630633e-02
5.134541887498386137e-01 2.999533039673230039e-01
1.830339671330614149e+00 -1.309495289723373590e-01
8.950892588713944553e-01 9.642064715637248540e-01
2.626434242228256610e-02 -2.331878977588013324e+00
-3.634035643020142037e-01 7.724421370374009443e-01
-1.012449494636113334e+00 3.540815419865378288e+00
-7.656861021501826237e-01 -3.812822677006689198e-01
-4.701370127168539859e-01 -1.332879101639832697e+00
2.718736728789974966e-02 1.478313120426023364e+00
1.770154178571240466e-01 5.914291048458369948e-01
-6.055432941274587755e-01 -8.723381947106886858e-02
6.948212044975431434e-01 -6.204944384664491386e-01
-1.395223161426539793e-01 -2.851777741623904294e+00
-9.249119983992378780e-01 6.649273648680167348e-01
1.244734151568127389e+00 8.659721839668178545e-01
3.892616434837002926e-01 3.436282986251622956e-02
-1.173491692888286364e+00 6.977796612664367570e-01
-1.965240800444374436e+00 -1.773785227076507764e+00
-8.536002104148342484e-01 -8.941498059494210615e-01
9.154241033844577879e-01 2.479950399054277888e-01
1.247544503585650277e+00 -9.142210540088405168e-02
2.949123143299464123e-01 -1.568052257906576319e+00
-1.298429685437108683e+00 1.296436506034978287e+00
4.860683961269172682e-01 3.258922007736220650e+00
1.023978997033325733e+00 -2.005696884268606706e+00
-5.839491238663788719e-01 -8.909944753391207950e-02
8.044963356661818388e-01 1.072143366871040726e+00
1.452373611211383864e-01 2.441635290074757880e-01
